/*--------------------------------*- C++ -*----------------------------------*\
  =========                 |
  \\      /  F ield         | OpenFOAM: The Open Source CFD Toolbox
   \\    /   O peration     | Website:  https://openfoam.org
    \\  /    A nd           | Version:  dev
     \\/     M anipulation  |
\*---------------------------------------------------------------------------*/
FoamFile
{
    format      ascii;
    class       faceSet;
    location    "constant/polyMesh/sets";
    object      wrongFaces;
}
// * * * * * * * * * * * * * * * * * * * * * * * * * * * * * * * * * * * * * //


3818
(
8192 
8193 
8194 
8199 
7 
8200 
8 
8201 
8202 
10 
11 
12 
13 
16 
16400 
17 
16401 
16403 
16404 
16405 
16407 
8230 
8231 
8232 
8233 
8238 
8239 
47 
16431 
8240 
8241 
8262 
16456 
16458 
16459 
16460 
32849 
8275 
8276 
8277 
86 
8280 
32857 
16476 
32860 
16477 
16478 
16479 
16481 
8290 
106 
8299 
107 
108 
109 
8304 
115 
116 
117 
118 
16502 
8314 
16507 
16508 
8319 
129 
130 
131 
133 
134 
135 
8329 
8334 
8339 
8340 
8341 
8342 
8346 
8350 
8359 
8363 
183 
186 
187 
188 
189 
191 
209 
210 
211 
213 
215 
217 
218 
219 
220 
222 
16638 
16642 
16643 
16644 
16645 
16651 
16654 
16655 
16656 
16657 
16661 
279 
16671 
16673 
16674 
16675 
16676 
311 
322 
16750 
16760 
16766 
16782 
16786 
16787 
16788 
16789 
16800 
16801 
16802 
16803 
476 
477 
478 
487 
495 
16880 
16881 
16882 
498 
16883 
16885 
504 
505 
16891 
16892 
16893 
509 
16894 
16895 
16896 
16897 
513 
523 
16922 
8737 
8741 
8748 
8752 
33329 
33331 
8759 
8763 
16962 
8771 
8775 
8779 
16972 
16978 
16979 
16980 
17025 
8833 
8834 
8835 
8836 
17034 
8851 
8856 
8859 
8862 
8863 
33439 
33440 
673 
33441 
33443 
8868 
676 
33444 
8869 
677 
33445 
8870 
678 
679 
694 
695 
696 
697 
33466 
33467 
33468 
33472 
8897 
8898 
8899 
33475 
8900 
709 
710 
33478 
33479 
712 
33480 
713 
714 
17100 
33484 
17101 
717 
17102 
33486 
33489 
8916 
8917 
8918 
8919 
33496 
33497 
33498 
33499 
33500 
735 
17122 
17123 
17124 
17129 
17132 
748 
17133 
8941 
17134 
8944 
8947 
756 
8950 
8951 
17147 
17150 
17154 
17164 
8972 
8973 
8974 
8983 
8984 
8985 
8987 
8988 
8989 
8998 
8999 
9000 
9001 
9028 
9032 
33611 
9036 
33614 
9039 
9040 
33617 
9042 
33618 
33619 
9046 
33622 
33625 
860 
863 
864 
869 
9070 
9071 
9072 
9073 
900 
903 
904 
17290 
908 
9102 
913 
916 
9108 
917 
918 
17304 
920 
922 
17310 
17317 
9130 
17323 
9131 
17324 
9132 
17325 
9133 
17326 
949 
17335 
951 
952 
17337 
953 
17338 
958 
17346 
17347 
963 
17348 
964 
17349 
965 
17350 
967 
17354 
9165 
17358 
9166 
9167 
9168 
983 
984 
985 
986 
997 
17384 
1000 
1001 
1002 
1004 
9212 
9216 
1026 
17416 
9230 
9237 
9241 
9249 
1088 
1100 
17485 
17486 
17487 
17488 
17490 
17491 
1107 
17492 
17493 
1131 
1132 
1133 
17519 
17524 
17525 
17526 
17527 
1143 
17528 
1144 
17529 
1145 
17530 
17576 
17579 
17581 
17590 
1212 
1213 
1214 
1215 
1219 
1220 
1221 
1230 
1233 
1238 
17623 
17624 
17625 
17626 
17630 
17631 
17632 
17633 
17664 
17672 
17707 
17708 
17709 
17715 
17716 
17717 
17724 
17725 
17726 
9550 
9551 
9552 
9553 
1376 
1378 
9570 
1379 
9571 
1380 
9572 
9573 
1383 
1386 
1389 
9597 
1406 
9598 
1407 
9599 
9600 
9624 
9625 
9626 
9627 
1466 
1470 
1473 
1474 
17859 
17860 
17861 
17862 
1495 
34264 
1498 
1501 
1502 
1503 
34271 
1504 
1506 
34274 
9710 
9711 
9712 
9717 
9718 
9719 
9729 
1537 
9730 
1538 
9731 
17925 
9734 
1542 
17926 
9735 
9736 
17928 
1545 
17929 
1546 
9747 
9748 
9749 
9752 
9753 
9754 
9766 
9767 
9768 
9771 
9772 
9773 
9785 
26169 
34361 
9786 
9787 
26171 
9788 
26172 
26173 
34366 
26175 
26176 
26177 
26181 
26183 
17992 
26184 
9801 
26185 
9802 
9803 
34379 
17996 
26188 
9805 
26189 
26190 
18002 
34386 
1619 
18005 
1622 
1623 
34392 
1626 
34395 
34401 
18020 
34404 
26217 
26218 
26219 
1644 
18032 
26224 
26227 
9845 
9846 
9847 
18049 
1667 
18054 
18055 
9864 
9865 
9866 
9867 
1696 
9892 
9893 
9894 
9895 
18093 
18095 
18096 
1717 
18116 
9926 
9927 
9928 
18120 
9929 
18121 
1738 
18123 
34514 
1747 
1748 
1749 
1750 
1751 
1757 
1758 
34526 
1759 
34530 
26341 
26342 
26343 
34535 
9960 
34536 
9961 
9962 
1770 
9963 
1774 
26350 
34542 
1775 
26351 
26352 
34545 
34546 
34547 
1780 
34552 
34553 
34554 
26364 
1789 
26365 
34557 
1790 
26366 
1791 
26367 
26369 
18179 
26372 
34564 
1799 
34567 
34569 
9994 
26378 
34570 
9995 
1803 
26379 
34571 
9996 
26380 
9997 
26382 
34574 
1807 
1810 
18194 
1811 
18196 
10005 
10006 
18198 
34582 
10007 
1815 
10008 
1817 
34585 
34586 
34587 
18205 
1823 
26399 
26400 
34592 
26401 
26402 
26405 
26406 
26407 
26408 
34600 
10029 
18221 
34606 
34608 
34609 
34610 
34612 
10037 
34613 
26422 
34614 
26423 
26424 
26425 
34617 
10054 
34630 
18247 
34631 
18248 
34632 
18249 
10058 
18250 
34634 
26448 
34640 
26449 
26450 
34644 
26454 
18263 
26455 
10072 
26456 
34648 
18268 
10079 
18272 
26467 
26469 
34662 
10087 
26472 
34664 
18284 
10093 
18285 
26477 
18286 
18287 
18288 
34674 
18293 
18294 
18295 
18296 
18297 
10107 
18299 
10114 
18308 
18310 
18313 
10122 
18314 
18315 
10128 
10143 
34720 
34722 
34723 
34725 
10150 
1958 
34727 
1960 
10158 
34735 
34739 
10164 
34740 
34744 
18365 
1983 
34751 
1984 
18368 
1985 
18369 
1986 
18370 
10179 
18371 
34755 
10180 
18372 
1989 
1990 
1991 
1992 
10185 
1994 
1995 
1996 
18380 
1997 
34765 
18382 
2000 
2001 
34769 
2003 
2004 
2006 
10199 
2007 
2008 
2009 
2011 
34779 
2012 
10205 
2014 
34782 
2015 
26604 
26609 
18422 
34806 
18423 
26615 
34809 
34812 
34815 
34818 
34823 
34825 
26652 
26653 
18462 
26654 
26655 
26663 
26664 
26665 
26666 
26677 
26678 
18493 
26687 
26688 
26689 
2114 
18498 
26690 
18500 
18501 
18502 
2119 
2120 
2121 
26697 
2122 
26698 
26700 
26701 
26702 
26703 
26705 
26706 
26710 
26711 
26712 
26713 
18529 
18530 
34916 
26726 
26727 
26728 
26729 
18555 
34939 
34941 
18559 
18563 
34951 
2184 
2185 
18569 
18570 
18571 
34955 
2188 
2189 
18578 
18579 
2197 
2198 
2199 
2200 
2205 
2206 
2211 
2212 
18606 
18610 
18611 
18612 
2231 
18616 
18621 
18624 
18625 
18626 
18635 
2252 
18639 
18643 
18645 
35042 
2276 
2277 
2278 
35049 
35057 
35063 
35069 
2326 
2327 
2328 
2329 
2338 
26917 
26927 
2352 
26928 
2353 
2354 
2355 
2370 
2371 
35139 
2372 
2373 
35143 
2377 
2378 
2379 
2380 
18766 
18770 
2389 
2390 
18774 
2391 
18788 
2405 
18789 
18790 
18791 
2410 
18794 
18801 
35193 
35195 
35203 
35206 
2444 
2465 
2466 
10659 
2467 
10660 
2468 
10661 
2471 
2472 
2473 
2474 
10670 
10671 
10672 
18870 
10678 
27062 
18871 
10679 
10680 
10688 
10689 
10690 
10700 
10701 
10702 
10703 
10704 
10705 
10709 
10712 
10714 
2522 
2523 
2524 
18909 
2525 
2531 
18916 
2532 
18917 
2533 
18918 
2534 
18921 
18922 
18923 
18926 
18928 
18929 
35313 
35314 
2549 
18935 
18936 
35320 
18938 
2554 
18939 
35323 
35326 
18943 
35327 
18947 
2566 
2578 
2579 
2580 
18969 
18970 
35367 
2605 
35373 
19013 
35397 
35408 
35411 
35417 
10843 
35419 
10844 
10845 
35422 
35423 
10856 
10857 
10858 
2674 
2677 
10870 
2678 
10871 
2679 
10872 
2681 
10874 
10875 
2683 
10876 
2693 
10888 
10889 
10890 
10892 
10893 
10894 
35476 
10907 
2715 
10908 
2716 
10909 
10911 
10912 
10913 
2723 
2727 
10923 
10924 
10925 
2743 
19128 
10959 
10962 
10964 
2773 
2777 
19163 
19164 
19165 
19171 
19172 
19173 
2807 
2808 
2809 
2810 
2813 
2814 
2815 
2816 
2818 
2819 
2820 
2821 
19226 
2854 
2855 
2858 
19247 
2865 
2866 
2867 
2868 
19255 
2873 
2874 
2878 
2879 
35700 
2941 
2942 
2943 
2944 
2952 
2957 
35728 
2964 
35734 
2969 
2970 
35739 
2971 
2974 
2975 
2976 
2977 
19363 
35754 
19371 
35760 
43959 
35768 
35769 
35771 
35772 
35775 
3007 
35776 
3008 
35777 
35778 
19394 
3012 
35782 
35783 
35784 
35785 
35788 
35789 
35790 
35791 
19407 
35795 
35796 
35797 
35798 
35821 
35828 
35830 
35831 
35834 
35835 
35836 
35837 
35841 
35842 
35843 
35844 
19461 
35847 
35848 
35849 
35850 
19467 
19468 
19469 
35854 
19470 
35855 
19471 
35856 
35857 
35859 
27667 
35860 
35861 
35862 
19481 
35866 
35867 
35868 
35869 
35871 
35872 
35873 
35874 
27682 
35877 
35878 
35879 
35880 
35882 
35883 
35884 
35885 
35887 
35888 
35889 
35890 
19514 
19515 
19516 
35907 
19523 
19529 
19532 
35922 
35933 
11370 
11374 
35955 
35961 
35962 
35963 
35965 
35966 
35967 
35968 
35972 
35973 
35974 
35975 
11400 
35977 
35978 
19594 
35979 
19595 
35980 
19597 
11406 
19598 
11407 
35984 
11408 
35985 
11409 
35986 
11410 
35987 
3220 
35989 
35990 
35991 
35992 
35995 
3227 
35996 
35997 
35998 
35999 
19615 
36000 
3232 
11424 
19616 
36001 
36002 
3235 
19619 
19620 
36006 
3243 
11435 
36016 
11440 
11450 
36027 
11453 
11454 
11455 
11456 
11474 
19667 
36052 
19668 
19669 
36057 
19673 
19674 
36060 
19676 
3293 
36064 
3296 
3297 
19681 
3298 
36067 
3299 
19684 
19689 
11498 
19693 
19700 
11512 
11524 
3333 
11528 
11531 
11533 
11534 
11546 
3361 
3368 
11579 
11584 
11585 
11586 
11589 
11590 
3399 
3400 
11594 
3405 
11604 
11612 
3432 
3437 
11630 
3440 
3443 
19845 
28037 
19848 
19850 
3472 
19857 
19858 
19859 
3477 
19861 
19862 
28058 
11679 
3489 
11690 
36268 
11692 
19884 
11693 
19885 
11694 
19886 
28078 
19887 
11704 
11706 
11707 
28096 
3522 
11714 
19906 
19907 
19909 
3526 
19910 
19911 
19912 
11721 
19913 
19914 
3531 
3534 
11729 
28118 
36312 
11741 
19946 
28138 
3570 
28146 
3572 
3573 
3574 
28151 
19964 
28156 
28157 
36352 
11790 
19982 
19983 
19984 
11793 
28177 
28178 
28179 
36375 
11799 
3607 
3608 
3609 
28185 
19995 
3612 
3613 
19997 
3614 
20000 
11809 
20001 
28194 
28195 
28196 
28202 
3627 
28203 
3628 
28204 
3629 
28205 
3631 
28207 
28208 
3633 
28209 
3634 
3635 
28211 
28215 
28220 
28221 
28222 
28223 
28225 
28226 
28227 
28228 
28230 
28238 
28239 
28240 
28242 
11860 
11861 
11862 
11863 
28247 
3672 
3673 
28249 
3674 
3675 
36448 
11875 
3687 
28263 
3688 
28264 
3689 
28265 
3690 
28273 
28274 
36467 
28277 
36470 
11904 
36489 
36491 
3736 
3747 
36516 
36518 
36522 
20138 
36523 
3755 
20139 
36524 
36525 
20141 
20142 
20144 
36529 
3761 
36530 
36531 
36532 
20149 
20150 
36535 
20151 
36536 
36537 
3769 
20153 
36538 
20155 
20156 
36541 
36542 
36543 
3775 
36544 
36546 
36547 
36548 
36552 
36553 
36554 
36555 
36558 
36559 
36560 
36561 
36564 
36565 
36566 
36567 
36569 
36570 
36574 
36575 
36576 
36577 
36580 
36581 
36582 
36583 
20200 
36586 
36587 
36588 
36589 
36591 
36592 
36594 
36596 
36597 
36598 
36600 
12024 
36601 
36602 
36603 
36605 
36606 
36607 
36608 
36609 
12033 
36610 
36611 
12039 
12046 
12048 
20244 
20246 
12055 
20247 
20248 
12057 
12062 
12064 
12071 
20265 
20266 
20267 
20268 
20277 
12094 
12097 
12101 
12103 
12106 
12109 
3918 
12112 
12114 
3925 
3926 
12119 
3927 
20311 
12122 
3931 
20316 
20317 
36702 
3934 
20318 
3935 
20319 
3936 
36707 
3940 
20324 
28517 
28518 
3943 
28519 
36713 
20331 
12140 
28524 
36717 
28525 
20334 
28526 
20335 
28527 
20336 
36721 
20337 
3955 
12148 
20340 
3957 
3958 
12151 
3959 
36728 
36729 
3961 
36730 
20347 
12156 
20348 
36734 
3966 
20350 
36735 
3967 
20351 
36736 
12160 
3968 
20353 
36739 
36740 
3972 
36741 
12165 
20357 
36742 
20359 
36745 
20361 
36746 
20362 
36747 
36748 
12173 
3981 
36750 
12175 
36751 
36752 
12178 
36754 
36756 
36757 
12182 
20374 
36758 
36762 
28570 
36763 
36764 
12188 
36767 
20383 
36768 
36769 
4001 
36770 
36773 
12197 
20389 
36774 
36775 
36776 
4008 
36778 
36779 
4012 
20396 
36783 
36784 
20400 
36785 
4017 
20401 
12210 
20402 
20403 
36788 
4020 
36789 
12213 
36790 
20406 
36791 
12215 
4024 
36794 
12218 
36795 
36796 
4028 
20412 
36797 
12222 
36799 
20415 
36800 
4032 
20416 
12225 
20417 
20418 
36803 
36804 
4036 
36805 
36807 
36808 
4040 
36809 
20425 
36810 
20427 
36812 
12236 
36813 
12237 
36814 
4046 
36815 
20431 
36816 
36817 
20434 
20436 
20437 
20438 
20439 
20441 
4062 
12255 
4063 
12256 
4064 
4065 
36836 
20455 
4073 
36843 
36846 
4078 
4080 
4081 
36850 
28658 
4083 
4084 
12277 
36854 
12278 
36857 
36858 
36859 
36860 
20476 
20477 
36862 
36863 
20479 
36864 
20480 
36865 
4098 
36876 
36880 
12304 
36885 
4117 
36886 
36887 
36889 
12313 
36890 
12314 
36891 
12315 
36892 
12316 
4130 
4131 
36900 
12324 
4132 
36901 
4133 
20517 
36902 
20524 
20528 
4145 
4146 
4147 
4148 
20534 
20541 
12351 
12352 
20550 
20552 
20554 
20555 
20559 
20560 
12369 
4177 
20562 
12373 
20565 
12377 
12378 
12380 
12382 
20580 
20581 
4209 
4212 
12408 
12412 
20606 
12416 
20609 
20610 
20611 
20612 
12422 
4230 
20614 
12423 
20615 
4232 
12428 
12429 
12432 
12434 
20632 
20633 
4251 
4252 
4253 
12446 
4254 
12449 
20647 
20648 
12458 
12464 
28863 
28864 
28865 
28866 
20677 
28869 
20678 
28870 
28871 
4296 
20680 
28872 
28874 
20683 
28875 
4300 
28876 
28877 
28881 
28882 
4307 
28883 
28884 
4311 
28887 
4312 
28888 
20697 
28889 
20698 
28890 
28892 
28893 
4318 
28894 
28895 
4320 
4321 
4322 
28899 
28900 
28901 
28902 
28907 
12524 
28908 
20717 
28909 
20718 
28910 
20720 
20721 
28913 
28914 
20723 
28915 
20724 
28916 
12534 
20726 
20727 
28919 
28920 
12537 
20729 
28921 
20730 
28922 
20732 
20733 
20734 
20735 
20737 
20738 
12548 
12551 
28942 
20751 
12560 
12562 
4371 
28947 
20756 
28948 
28949 
20760 
20761 
20762 
20763 
20765 
12574 
12575 
20768 
4385 
20769 
20770 
28962 
20771 
12582 
28967 
28968 
28969 
12596 
12599 
20792 
20795 
20796 
4413 
20797 
12607 
12608 
4416 
20800 
12611 
12612 
20804 
20805 
20806 
12616 
20808 
12617 
12620 
20812 
12621 
20813 
20814 
12624 
20816 
12625 
20819 
12628 
20820 
12629 
20821 
29013 
20822 
29014 
29015 
12632 
29016 
12633 
12636 
12637 
4445 
4446 
4447 
29023 
12640 
29024 
12641 
4449 
29025 
4450 
29026 
4451 
12644 
29028 
12645 
29029 
29030 
29031 
12648 
20840 
12649 
4457 
4458 
29034 
4459 
20843 
29035 
12652 
20844 
12653 
20845 
20846 
29039 
12656 
29040 
12657 
4467 
12660 
4468 
12661 
4469 
20853 
20854 
20855 
12664 
20856 
29048 
12665 
20857 
29049 
29050 
29051 
12668 
12669 
29053 
29054 
29055 
12672 
29056 
12673 
20865 
20866 
20867 
12676 
29060 
12677 
29061 
20870 
29062 
12679 
20871 
29063 
12680 
20872 
12683 
12684 
20877 
29069 
29070 
29071 
29072 
12691 
29075 
12692 
29076 
12693 
29077 
12694 
29078 
12697 
12698 
12699 
29083 
12700 
29084 
29085 
29086 
12703 
12704 
29088 
12705 
12706 
20898 
12709 
12710 
29094 
12711 
12712 
12715 
29099 
12716 
12717 
12718 
29103 
12720 
12721 
12722 
12723 
12727 
12728 
12729 
12730 
20924 
20925 
20926 
20927 
29125 
20943 
29136 
20946 
20947 
20948 
29141 
20952 
20958 
29153 
29154 
29155 
12772 
20964 
12773 
12774 
12775 
29159 
29160 
29161 
37356 
4589 
37359 
29172 
37365 
29173 
29174 
37368 
29176 
29177 
29178 
37371 
12795 
37377 
12815 
21008 
21009 
12818 
21010 
12819 
21011 
37396 
12820 
12821 
21013 
37398 
12823 
21016 
21017 
37402 
12826 
21018 
21019 
12828 
12829 
12830 
21024 
21042 
21050 
21054 
4672 
29252 
21061 
29253 
21062 
29254 
21063 
21066 
21067 
21068 
4685 
29262 
29263 
21072 
29264 
21073 
4690 
21074 
21075 
29267 
29268 
29269 
21078 
4695 
21079 
21080 
21081 
21088 
12897 
21089 
12898 
21090 
12899 
21091 
12900 
4708 
21097 
12906 
12907 
4715 
12908 
12909 
21101 
21102 
21103 
21105 
21106 
21107 
4727 
29304 
29305 
29306 
29307 
21116 
4733 
21117 
12926 
21118 
21119 
4736 
4739 
12932 
29316 
12933 
29317 
12934 
4742 
29318 
12935 
21127 
29319 
12940 
12941 
4749 
12942 
4754 
12949 
4757 
12953 
12954 
12955 
12956 
12957 
12961 
12962 
29346 
12963 
29347 
12964 
29348 
29349 
12966 
21161 
21162 
21172 
21173 
21174 
21175 
21177 
21180 
21181 
12990 
21182 
21183 
21185 
12994 
12995 
12996 
12997 
12998 
29382 
13005 
21197 
21198 
21199 
21200 
21202 
29398 
29399 
21208 
29400 
29401 
4828 
21213 
4833 
4844 
13037 
4845 
4848 
13041 
4849 
4852 
13045 
4853 
4856 
4857 
4862 
4863 
4866 
13059 
4867 
37636 
37639 
13063 
4871 
21263 
21264 
21265 
21267 
21268 
21269 
21272 
21273 
37663 
21280 
21281 
21282 
21283 
4900 
21285 
4903 
4904 
21288 
4905 
21289 
13098 
4906 
13099 
13100 
4908 
13101 
4909 
4910 
21294 
21295 
21296 
21297 
21299 
13111 
13117 
13122 
21318 
21319 
21320 
21321 
21323 
21335 
21336 
4953 
21337 
21338 
21340 
4957 
21341 
4958 
4959 
4960 
13153 
13158 
21354 
21355 
21356 
13165 
4973 
21357 
4980 
4981 
4982 
4983 
13177 
4988 
21372 
21373 
21374 
21375 
21377 
21378 
21379 
4996 
21380 
4997 
4998 
37769 
13195 
21392 
37778 
13204 
21398 
13208 
37790 
5024 
5025 
37794 
5026 
5027 
5029 
5030 
5031 
5032 
37801 
5035 
37804 
5036 
5037 
5038 
5040 
5041 
5042 
5043 
13237 
21429 
13238 
13239 
13241 
13242 
13243 
37820 
37823 
13247 
13248 
13249 
37826 
37828 
13252 
13253 
13254 
29639 
29640 
29641 
37836 
37837 
37839 
37840 
13270 
37847 
13271 
13272 
37849 
37850 
13276 
13277 
13278 
5086 
13282 
13283 
13284 
21480 
21481 
21482 
13294 
13295 
13296 
29681 
13298 
29682 
13299 
29683 
13300 
29684 
13302 
13303 
13304 
29689 
13307 
29691 
13308 
29692 
13309 
29693 
29694 
29695 
29697 
21507 
29702 
5129 
13322 
21514 
13323 
13324 
5133 
29709 
5134 
13327 
5135 
29711 
13328 
5136 
29712 
13329 
5137 
29713 
37906 
29714 
13332 
13333 
13334 
5142 
29718 
5143 
5144 
5145 
5146 
37915 
29725 
37918 
29726 
5151 
29727 
5152 
29728 
5153 
5154 
29730 
29731 
29732 
37925 
29733 
29734 
29735 
37929 
13354 
37939 
29747 
29748 
29749 
5174 
29750 
37943 
29752 
5180 
5181 
5182 
29758 
5183 
21567 
29759 
21568 
29760 
37953 
21569 
29761 
29762 
37956 
21575 
21576 
21577 
21580 
29772 
21584 
21585 
29777 
29778 
13396 
5204 
29783 
29784 
21593 
29785 
21594 
29786 
21595 
29787 
37980 
21597 
21598 
37983 
21599 
21600 
29793 
29794 
37987 
21603 
29795 
21604 
29796 
37989 
21605 
29797 
21606 
37992 
5224 
21608 
5225 
21609 
5226 
29802 
29803 
37997 
21613 
29805 
21614 
29806 
37999 
5231 
21615 
5232 
21616 
5233 
29809 
5234 
29810 
21620 
21621 
38006 
21622 
38007 
38009 
38010 
38012 
38013 
38014 
38015 
13440 
13441 
29825 
38018 
13442 
29826 
38019 
13443 
38020 
38021 
38024 
38025 
38026 
38027 
38030 
38031 
38032 
5264 
38033 
13459 
38036 
13460 
38037 
13461 
38038 
13462 
38039 
38041 
13465 
38042 
13466 
38043 
13467 
38044 
13468 
38046 
38047 
38048 
5280 
38049 
5284 
5285 
13477 
5286 
13478 
13479 
13480 
5291 
29871 
21683 
21684 
21685 
21686 
21689 
21690 
21691 
21692 
21699 
21700 
21701 
21702 
13511 
13512 
13513 
5322 
13514 
29898 
5324 
5325 
21712 
5329 
21713 
5330 
21714 
5331 
21715 
21717 
5336 
21722 
21723 
21724 
21725 
5342 
21727 
5345 
5346 
5347 
29926 
21735 
21736 
38121 
21737 
38122 
21738 
29931 
21740 
29933 
13550 
21742 
29934 
38127 
13551 
21743 
38128 
13552 
21744 
5361 
13553 
21745 
21747 
13556 
29941 
29942 
29943 
38136 
29944 
38137 
29945 
38138 
29946 
38139 
13563 
29948 
29949 
29950 
5375 
5376 
5377 
5378 
21762 
21766 
38151 
21767 
38152 
21768 
38153 
38154 
21774 
13583 
13584 
13585 
13586 
21779 
21780 
38165 
21781 
38166 
38167 
38168 
13594 
13595 
13596 
13597 
21790 
5407 
5408 
5409 
38179 
38190 
5423 
5424 
5425 
5426 
21813 
13624 
13625 
13626 
13627 
5436 
13635 
13636 
13637 
13638 
38224 
5460 
38234 
13659 
13660 
21852 
13661 
13662 
30052 
30053 
21871 
5491 
5492 
5493 
5494 
38265 
30073 
38266 
30074 
38267 
30075 
38268 
38276 
38277 
30085 
38278 
38279 
5515 
30092 
5529 
30108 
5534 
30110 
30112 
5539 
38310 
5542 
38311 
5543 
38312 
38313 
21930 
5549 
38318 
5550 
38319 
5551 
38320 
38321 
21938 
5564 
5565 
5566 
21950 
5567 
21951 
21952 
30145 
13771 
13772 
13773 
5582 
13774 
5583 
38352 
5584 
38353 
38354 
30162 
38355 
5587 
30163 
5588 
5589 
5590 
38359 
38361 
38362 
30170 
38363 
30171 
30172 
21981 
30173 
21982 
21983 
5603 
21987 
21989 
21992 
13803 
13804 
13805 
21997 
13806 
5623 
13831 
13832 
13833 
13834 
13837 
13838 
13839 
5648 
13840 
5653 
13847 
13848 
13849 
13850 
22069 
5694 
5695 
5696 
5697 
38468 
30282 
30283 
22092 
30284 
5710 
5711 
5712 
30288 
38481 
5713 
30289 
30290 
30294 
30297 
5736 
38505 
5737 
5740 
30316 
5741 
30317 
30319 
30320 
38516 
13945 
13946 
13947 
30331 
13948 
30332 
30334 
30335 
30340 
30341 
30342 
30344 
38539 
30353 
30354 
30355 
38548 
5780 
13972 
5781 
5782 
5783 
5788 
5789 
5790 
5791 
13989 
5810 
38579 
22195 
38580 
38581 
38582 
38585 
14009 
38586 
38587 
38588 
14013 
38590 
38591 
5823 
38592 
38593 
5827 
14028 
5845 
22229 
5851 
5852 
38624 
5856 
38625 
22241 
38626 
38627 
38629 
38630 
38631 
38632 
38634 
38635 
38637 
38638 
38644 
38645 
38647 
38648 
38649 
14073 
38650 
38651 
38652 
38662 
38666 
5904 
5905 
5906 
5907 
38683 
5916 
38688 
5922 
5923 
5924 
38693 
5931 
5932 
5933 
5934 
5936 
5937 
22321 
5938 
14130 
5939 
14143 
38724 
5957 
38728 
5961 
14154 
14155 
14156 
5967 
5968 
5969 
22354 
5974 
5975 
5976 
14169 
14170 
22362 
14171 
5984 
5989 
22382 
14191 
6003 
6006 
38800 
38805 
38809 
38813 
38817 
38832 
38835 
14260 
6078 
14271 
14277 
6086 
14278 
14279 
14282 
14283 
14284 
14287 
14288 
14289 
30675 
30676 
38870 
38871 
38872 
38874 
14298 
38875 
14299 
38876 
14300 
38879 
14303 
38880 
14304 
38881 
14305 
6116 
38886 
14310 
38887 
6119 
14311 
38888 
14312 
14325 
14326 
14327 
6137 
14333 
14334 
6143 
14335 
6144 
6145 
14344 
14345 
14346 
14350 
14351 
14352 
22557 
6189 
6190 
6191 
6192 
6200 
6205 
22596 
22608 
6229 
6234 
6235 
39015 
39016 
39017 
39018 
39022 
39023 
39024 
39025 
39029 
39030 
39031 
39032 
39035 
39036 
39037 
39038 
39041 
39042 
22667 
6291 
39066 
39067 
39068 
39069 
39073 
39074 
39075 
39076 
22693 
39080 
39081 
39082 
39083 
39086 
39087 
39088 
39089 
39092 
39093 
39094 
14518 
14519 
39096 
39097 
39098 
14522 
39099 
14523 
14524 
39104 
39107 
14532 
39110 
39112 
39113 
14537 
14538 
39115 
14539 
39116 
39117 
39118 
14543 
14544 
14545 
14554 
22746 
22747 
22748 
22760 
22761 
22762 
6381 
22772 
6390 
6397 
6401 
14595 
14596 
14597 
22795 
22796 
22797 
14606 
22798 
14607 
14608 
22800 
22801 
22802 
22803 
22806 
22807 
22808 
22809 
22810 
22811 
22812 
22818 
22819 
22820 
14631 
14632 
14633 
31034 
14651 
14652 
14653 
14654 
31040 
31042 
31043 
31044 
31045 
14663 
31047 
14664 
14665 
14666 
31050 
31052 
31056 
14673 
31059 
31060 
31061 
31062 
31068 
39263 
39264 
39265 
14690 
14691 
14692 
22885 
39271 
22887 
39272 
39273 
31081 
31083 
31084 
31085 
31086 
14704 
14705 
14706 
14707 
39284 
14708 
31092 
39285 
22901 
31093 
39286 
31094 
31095 
22904 
31097 
39291 
39292 
39293 
31101 
31102 
31104 
39302 
39303 
39304 
39308 
31116 
39309 
39310 
31119 
31122 
31123 
31124 
31125 
31155 
22964 
22965 
22966 
22977 
22978 
22979 
22984 
22990 
31182 
22991 
31183 
31184 
31185 
22995 
6625 
31205 
6634 
31212 
6641 
6645 
6649 
6654 
31232 
31233 
31235 
31236 
31237 
31238 
31245 
31246 
31266 
31267 
31268 
23077 
31269 
23083 
23084 
23085 
23086 
23100 
23101 
23102 
23103 
6723 
6724 
6725 
6726 
39495 
6730 
6731 
31307 
39500 
6732 
23116 
31308 
6733 
23117 
23118 
23119 
6736 
6737 
6738 
6739 
6742 
31318 
6743 
23127 
31319 
6744 
23128 
6745 
6747 
23131 
6748 
23132 
6749 
23133 
31325 
6750 
23134 
31326 
31327 
6752 
31328 
6753 
6754 
6755 
23139 
31331 
23140 
6759 
6760 
6761 
6762 
6765 
6766 
6767 
31343 
6768 
31344 
31345 
6771 
6772 
6773 
6774 
6776 
6777 
31357 
31368 
31374 
31375 
31376 
31377 
31382 
31394 
31395 
31396 
39599 
39600 
39601 
39602 
39639 
31448 
31469 
31470 
31471 
31472 
31483 
6908 
23298 
23300 
23305 
23306 
31498 
23307 
31499 
31500 
31501 
23313 
23314 
23315 
23317 
39703 
39704 
39705 
6937 
6940 
6941 
6942 
6943 
6944 
23328 
23329 
23330 
6949 
6950 
23334 
6951 
23335 
6952 
6953 
23338 
23339 
23340 
6958 
6959 
6960 
6961 
6962 
6967 
6968 
31544 
6969 
31545 
6970 
23354 
23355 
23356 
23357 
31549 
31550 
23375 
23376 
23377 
23378 
23390 
39785 
39787 
39788 
39790 
39791 
39792 
39793 
39812 
23430 
7049 
39818 
7051 
23435 
39820 
39822 
39823 
39824 
39825 
7057 
7058 
7059 
23480 
7100 
7101 
7102 
7103 
7110 
7111 
23495 
7112 
7113 
23500 
7119 
7120 
7121 
7122 
7128 
7129 
7130 
7131 
7136 
23520 
7137 
7138 
23523 
31720 
31721 
31722 
31726 
31727 
31743 
31744 
7170 
31747 
31748 
31749 
7175 
7176 
7179 
7180 
7181 
7182 
7201 
7202 
7203 
7217 
7218 
7219 
7220 
7236 
7237 
7238 
7242 
7243 
15436 
7244 
7245 
15441 
15443 
15444 
15446 
15447 
7264 
7265 
7266 
7270 
7271 
15464 
7272 
7273 
15469 
15477 
15481 
15484 
7293 
7294 
7295 
15487 
15488 
15489 
7299 
15491 
7300 
15492 
7301 
7302 
15497 
15502 
7316 
7317 
7318 
7319 
15526 
15532 
15534 
31918 
15535 
31919 
15536 
31920 
15537 
7354 
15554 
15555 
15556 
31941 
31942 
31943 
15560 
31944 
15562 
15563 
7379 
31960 
7385 
31961 
31962 
31963 
7423 
7429 
15630 
15632 
15636 
32020 
15637 
23837 
23838 
23839 
32032 
23843 
23844 
23848 
23849 
23850 
7468 
32046 
32047 
32048 
7473 
32050 
32051 
32052 
23863 
23864 
23871 
23872 
23873 
23886 
23887 
23888 
23892 
23893 
23895 
23896 
7513 
23897 
23906 
23907 
15719 
23911 
15720 
23912 
15721 
23913 
15722 
15725 
23922 
15731 
23923 
23924 
7542 
7543 
7544 
7545 
23931 
23932 
23933 
7558 
7559 
7560 
7561 
7582 
7583 
7584 
7585 
23978 
23979 
23980 
23988 
23989 
23990 
7607 
7608 
7609 
7610 
23996 
23997 
23998 
7644 
32226 
32227 
32228 
32236 
7661 
32237 
32238 
32239 
32240 
32246 
32251 
7676 
32252 
32253 
32254 
7682 
7704 
7710 
32291 
32299 
7733 
7738 
7771 
7773 
15965 
7774 
7775 
15988 
7809 
7820 
7821 
7822 
7823 
7827 
7828 
7829 
7830 
7833 
7834 
7835 
7836 
7839 
7840 
7841 
7842 
7844 
7845 
16045 
32440 
7879 
7884 
7885 
16077 
7886 
16078 
7887 
16079 
16080 
7894 
7895 
7896 
7897 
16091 
7903 
7904 
7905 
16097 
7906 
16098 
16099 
16103 
7912 
7913 
7914 
7915 
16110 
16111 
7920 
16114 
16121 
16143 
16145 
16265 
16266 
16268 
16269 
8080 
8081 
8084 
8085 
8089 
8090 
8091 
8092 
8123 
8124 
8125 
8126 
16323 
16324 
16325 
16327 
8153 
8154 
8155 
8156 
8161 
8162 
8163 
8164 
16380 
8191 
)

// ************************************************************************* //
